200 200 40
22122212122232132121122321222312122111112112111223311221231232222121132221111311322213321132112122122221213112232321112232222222211212112221222112212122221121222221123323121111212123113112231222112112
11223213222112111121121222121122222211112132112222123222212122112222222122311321112122222223122213212112213221222213112222222111111211223111221222212211222112121121322212121211222121211332121311213212
12122211321122111222121223211313113211121211223213221212212221212222222122231321221233122222122211232123211211211211121111311212231231222231321222212212221121221122231112112122111213122113132212111122
12122112122221212311222122211122232122221221212222112122212112123122211211112212112122212232223111112231123121211212222222222221231213121121123212112212112222222222112312231223122221212221333113122232
21312112111122221122211211122211311211223211111322222121212221112311211122212122322111213221312112112312131313323122222313221112222223121313112222221122221123211122222322222121231221212221232223122111
11232221322232112113222212121212133231221112212232232233212122112231122231212111321222221132222111221122211222212221232221122211221322321111223222212122222211113222112331122232221212211132221221322222
32112232212221121221212222123222212222312222211221223211112311212212112222111221111212212212232221113311322321211313121312122131211121223221222111121211222122122212232112212223211122132212132211222112
21212221232211231211211113331232121331211311122211121112213211312111211121111222122221211212211111212222211121121122312122222221112222112322221212112122112122222122122121223221132212121222121111222112
13222211221222111321212112123222222221121321222232311221313111121132212221212111222232233122211121121232122322211122212222223221231211122212121222112221323121221111111132121112213211231121223223131212
23231222213212312211132131223222222222212212112122122231312211221112221322122321211312122123222221232222223132212122322312121112312322322331121321333211121322231122121211112223221121222131123322112221
22221122211122232122222122111222132111211221122232232222231212322322211321323122223312222212123122113222233111122232123222121112221211222121131211232223312213222212211222222312231211213222311123211221
11212222223221113322212311112223231122221123231112211121122131221123121212221121322221231111312211112112211221222221222122121211212113111212112113232222122322121111232211222221222222221232222112212222
11322222212212212332211223231121222122111222121222221121112121112121211112121312312111112122322222211322311212222221221112212212111211222122212122223121112221222311221222112222222131122223212332111122
32211221113211222231122222123211222322231121322212212322211312222212211321222113112121122212121221322212323231113212211122233221123111121222321112122122213212322222111222321221122331121121112311222112
11111122211111133121212232232121312111121211222112221213211212311223222211211122322321121122122222232221131223221121121221122211212312211111212112322122322211122222222232211211211131123212212232221333
23111122111321213213122212213112112221121222111211322123221111222122221212232332222122231211312121222213111121311122332221112222212222112111311123212212112121221322212132122112221222112211212231222121
23322112111123212111123111222112211213211222221111211232123112211211222222222212222121122121121212222221322212131222211221132211221222122111322212132212121221123321112122212211221121221311122213122121
22212111111311122122112121212112111212112321221132111212113112221211221312211221221322222112122311112111212322211122212123111211213112221222211222113322221112121131112222211121122212211112112222321232
13112122111121322121222221111222211211321121122112212211121221231222222112122211112331211222222112331222232312111121113132212312211221212212212212132312212123212122223222312221121222221123212112112221
31212323221122212121212111221312221121213123122211222232322221222221122231221122221222222121311223212211222211222221122112222112222121321122223211311221122311122222112212122212321232113312222212323212
11221212212213212212212222221222312212212121111231122122221113222113211122221211222222222112222211211222212122111212211212113212131221222112231122211221122211122212222223212111212112222221112121212221
21313132223111211221222231222212312222112211222211212212222221113211111122212211132313111222131121212221221221222123222111212122322212112111123222123211122313321212233221332111211222312122223132221121
21221222221312111111221222213211122211231212122221321211121111213121112221122322212111311111111232212223121123112221132122121221121222122222212211112221113213312211212122221122112121231113121223112112
12122222223111221121112212212211122221112122222121212212211212121211121222121212112212222323312121131211211121221122312222211121222123322113112221223112122211122121221222221322222211121222212232121222
13212122222212221211221221212213121232211121321222112331132222232213123132122112222221121221112112131212211311222122121212111213212212221221212211312122132211121312212121232122211123211222212221112112
22331212222122222321122121221222131211212212212111122132312221211122121221222211212211112212211123212212211212222133222222112323212221311122312213231111222111232212111231121122223121222221312121111112
11122232121123212111111232222121121322111223111211322311122121322111122212121113121322113212211332112211112132112232222211122222221112122213112113212212121122222223213122121122221212232312122212122221
21112322211121222122221222121312212221122222121123212112221222122122212112221212112222212132132222122223211132221221112213211221123212112222221211221222111221232112222122222211121131111332211222133231
12222122111211322222112123112222321211222122112211323111212212112111122122221112222211111123222221232212211111223222222211131312222222213213323212222212111121212232212121231211222122222122323322121212
21112211211231222212121121313222132122222111213212222231222112233311212131313321113322211212122212222113211222111223112222222211112223212222122232121121122122221221122222232312321211223121123121212121
13123311222121221121122232322131222131123231112221211221212113222233223122211111223121121112123112121212212121123212112221212212221223221121121211221121221231221122222321122221111321122212231221222121
12111222222211132212132211111121213231212122321231111232122122211212121222121211111121232113222211221111312222322121332231121121222211113322222312232212112122222323212222132312322222222211221212221222
22231122112221212221211321311213121112222121122111112211111221221112122122211232112132221213212112123312223112232111323222221121222232211331231223313213232221211212211112211213221121221222223232231111
21122222221222222223222321211122211121131322121121111112212222122111211122211212132311222112122221213132213212122223211122112221111121212131121232121221221112122111321122121111121212222121221122221222
23122223212222121223122121211122211111222213112122222222111221112112112211221312322122111222222221221212212111122111121122211322223322321312221121122222222222122123322311211122131113121312211223211311
22212222112222112112112212111121311231232122111321211213232112221322212223212212122122122132212132122222312211222122213221213223222221121322232113131212122121121223332222122321212312211112121331322132
11212221221122121113221222113122312221232212122313121222112331212213132112221122222112222112111231122223112211112223111122211121222221221211212122112122222111113211212112221131222132113221112222211113
13222112211122222211112231222121211223212221312112122133222232122321213122132212112122122322112222211211211231121222132122111121312221222211112212212112211222213132121111231223211311221231221221212222
32222231121222112211223131211211221122112221121221213112311112212122231212231221323222122112213231212212122321123211212212222122222221111321211211122112221121121121211121221123211321232112111221121122
21112111211122122322222212222112112212212111111221231122232321211221212211121211132221122222331212322121212312231121323221211222112111232122322321122212311212222332111122211312122122211112212211111321
12222222211222211211211222222221121223112221112212233132221213112123232221232121133221112132211112112122212212122211112212322222112222121111122212222122121112221221222111231311221113221112212212113212
21121132122111112122112222132223122211223112223211122222223131222211313212222113221112122211212212223121122212213112212112112211321131221212221322311311222123213212221122221212211222312123121321222221
12132122121112211311221212221223213312121211222121323212112222231211123122222221122212221221123121112232121112123221212122222212112322232122112211122211111212112121112122121112212221232222212221111231
32221221221222122212112121311221111211211231221211232222121221212121222121322122122111122212113121111211212111111221111222111212221111321221123121221111132121321121212122122212111322132211212221222222
22222122222113232122211122122123122211211123222211312222121121121222122232211213221122212222212313321231322222331213112221111222222222232322232221322221212322121222232322221222211211211222122312221122
12212232313312121222212111132121311313123221321221222121211122211223221122221123221223112122222211131212111211121221111121111212211222122232213122211131212221121122212221212223122122112111212112112222
12221211132221321211211222322121322221211222131121212212222122222112221221111121122212223222231231212221212212222121112121121322211213223311221332111112212213121211122222131231221211112212111231122221
21121221222122111112232111122221312221212112131211211221111221111212212121111211112222111222121112312222231212121132222311212122132211122223311221122222211121222121122122221212121222232212231223111222
21123112222112121222322231212222122112213322212112111321211112122111222122122112222211221122122132212112211321221232222233222211313222111112221122222211322113212122211121122221221121222112112121122221
32211123312121231222231211221122211111211212132221211111213121232221131222212211321221212222221221121222221112122132221221111222111112111231211122122131111112222131221221211221122222111322111111122123
13122112221222113121223211221222221211121213222112111112112122132121122211211232211123232221221222122212112132221111222112212221222121222222222112221213212222222331222222222121211221312311222313113112
12112221222122213111221221222233222322231222222112131211221122211222321121222212311122111222212213212112212112321112221222111221211312231113122222211222223112222121112222222113322322232111221131121122
33212111212212223223332123131112112213112111132222113112121221121232211212221222212212122121211121211122121211121222222222212211122221322213211112112111122113121323312231121112221222132222211223221212
23221111112111122211232222212231232212133212221213221121121222212122321113321222322212222131121222322222213112122211222312112123112212222322121121123111112122111113112222111211221232212131222113122122
12232112322212222122121111212121231121221122212122121222221222213222331111222121122112112211232222212122322223222112121122111232112131111222233121212221121212321222233221312122121122221322322222223111
21212222222112211112222123322112311232222312112122131222212122132132212113212132131221212112222121221123312221311221113221212221311213322212111112222232231122212112232122122111211112111212111211221212
12221112222112122311222312312121223232122112111122322122112122221222223311222232232213121211221121233212222211221112121231222123221312222322111212132212213131331111212331111121212211213211211312221221
12321111311212221212212132222222222133121213113331222122121222121212121121111211322212321111211221111122111212222312221111221222212221112222222231211211212122222131112211222222221312222311122321131121
12212222222112323122211212221211113111223131121212211213212222212311112123113212221222222111222222122112211222222213231122222211213312211121121123213122212112222222211111222231222211121313232111111311
22312211222131122222211211221122212112212321231231312223311111123221322112111212112211121112121232112211232111211222111223211222131122322332221223212222223123111211112212123223122123122222231112111221
23221211223221231131222111231123311112312222111221222212111211111211322211122131112212322122132322222133223212121222222212131212111222111123221122322122112211112212222111212212122312111122321212212223
11222222121222311111222121212312121111113231122231131322232232123312133232111111122212131221111222211111232122112222111311121122121232212322222211222123221213222112122211122121221222321121221231122123
21221221221112111111211111112212221222312111122222222212231221221121111111221211211321113121111122221112212111212221231212212213111121213212132232213221213122212221121221113222212112221221223222122211
11232122321121211122121122212212312111121112211111322211221111211131213122221122222121122212121121223122122221312111123322312211121322221222211222111211221123122221221112121221212121121211212223122122
12132211111222223122112312121213223211121211132111221111122121121222222112212211312123212221321222121112231111111113231222222231121212211222322221222211222211222331222112221222122111311111232112211223
22212211213231212211221212222222312212112123311122112122311131231212222211121112121112322321122122222132222211121122211321111223121212222321122222112122232121221321222221222121211121212111122122212221
22131312322213231222121121111222122112222323222212122222321232211221111312222213212222212112212222223212111322222212212212222312222112211211111311123321312211212222221112211212212321231112211321232322
32212222222131223122112221111112222222221111222331223221213112122222222332222121121212121211112211231212221231221211132123112312213111223112221211212111222222221221122232221112322222222121112111223122
12321112212112213123211133221211212131122121111222222221223221221121113223221222113232112212121222121212222221122122221322122223222132222322212122221222132212113321121221211132322232111221222313111222
22231222221212212312121222112111112311112222212221232221222212121212231121222221112222212211311132211121222132222221232212123222212122132211211122122221121113221111212212111121122131111121131112212232
32211122111211221312121111221222211112221121221122213311222213222222111221131122223221133122122212122222231221121221231322222123211221122212122222212111222221112121222222222132221113121122222222122222
21123222311133212232121221221211112222122122112122122231123222212232222112123112223223131111123222222132122122112111222122221121312221233121213131122211122111222332223121322323121212222122212233121211
31131321322212121122232132232221221112212222212122222311122222212221211211111322111122212222212222121323212311113222222211123322312112111321212222121221211212321313221211212322222122213122122221211122
21121211112212212211322112221222121221111121221222221112211112111312221113212121122231212122212121211212222122221212111222122221231122112213122222111121112111122222332132111222222121212132221222111112
11112132132112212122111122122123222112232222211123222112221111212232121321122311122133111212211222233132212121211122322232222222212221222322122121132222112122113212211111211322312222223111322221222121
23121312112221213112221231312211222132111121322322222121213111121221133211112121133111211222222112322222111211322111222322111121122212232232112121322332212111222232112322221123223111223221121211121122
11122211312112312231312111212123222212212112112211311111232212311112221322121222212222222221212331121111132323211121211222123111221112112221221222211211112212113221321121122322222211311121112122122111
11231222112211111222311322211212231112122221211232322111332311232122111122112111222112221223111122212211122212222311132112113211311131223213222212221222112312221112211111122222121212213222222112211112
13222222121223111112122212221212121132111222312121211212233111122112232231113111221122211112122311111232211112222321221322111121121122321231222222212222312122121221212312223211232212222111132123222112
23221211311121113131123111212212112222121122222222223232112211112231122112212112222121112221122221223111122121123122121221323111221121222222211132212112121213112211211223122311112321321122222223211221
12121232121121123212121122211122212121122211212222121321111212232222222221122132122112223321112322111211221112211122322222322311122111321221232112122112222132122312212211222111121232112221311321211211
12112222132222112223231121111113121222112222111222221121121131122221223331121222331122112221113212213321112321132121312122111222121213221112221121112111113231121111222111113221322122222113221212111131
22112221133222112222212211111212211212122132212222221222112213312231121212233211222111112221132211121123121232122321122211222131113213211122213112112112113111121222132123121123322112112121122111211113
22212122231222221112122221111111123221112121212211231331212121111122112322322322231231131121111221222212111211212121222132221121323122131212211111112131331222221212132212232232221323223111211223113322
23331221122222111311122211222121221321122221222112121221221121122212112312131222122122221211222222221121222131111112132212313311112131132222123212311212112122221231112322233112112112112231233112121313
13222222211121111221212121212222113112222122211121113113322222322112112112112222122213121221211111221223232212212121212111212131222221122221112112112221231221122211232232221212211121122122122212212211
22122211212232122222121213113122212221322322112232122121223221221322222131211122122112211212322212222222221212123121323111122211222121211122122112212312112223322312222112111321122111321212323122212112
32121131111221232221122221121212222221212211221222222123222212221212221222111311111111123222132111213111222221113211211231212211312122122222112122111221222211231321121113232221213322231211212222121112
12322312111123121222222211221221111121122221113121322231231222112331212222322211122111111312221231111122232311122112222212111211232223212322212221222212322122112122122122122123121223123211221311311322
11221112321222211112312223222122122132222112312321211121232112233121321111112323211222223223212212112213233222322122222122312222232112322222322321132122122221212313212111122122112332312112212211221212
12231223112113221211221233123322323221221222131221132121222322131212213112312222113123132221212211112222222232112312322222222223121221211212111323222222321211121123222112122211212222211122312221312121
21212231221111112221222221211212221121112312111222211112222121112211211221221123113312212122112211212232212232123122111121222121322221132322221322212122221212113322232112212111112122121222112121121313
31122221132221222222111322233122222123122112311112122221212121222123211122131113122221211222111231112232323222323123111222211111321211223311111222223122222121112222122312322112211221211123121221222323
32112313212222111112233232223112221112211212231211112122212112132123222221121112312232211212121321222212122221122131131222321111123222123122212221212122122122221211232111112112111222222122223212222221
11213121212221121222222122232212221222212232122211311221111121111112221232213121132322211113212313121221223112232212211121221222221221221122213212311131131311211121311112121122221311212211122323221122
11211232222213232211121223232111322112122122111121122221112111212211222221112211221122212223222211111232322213213322122121112212211212121211221222313132121211232112322222223313123211222122222232222232
12231112121211211112232212211211111223122113122211222121112213122311111221221112212221212231123212312223222112112222232121212122222111111132122222222211122233112211222213221213122112211222121121221311
22111112112132122211122123121112112222222221212221232221121121222212231132112111212112123312232211212221122312111222112321222222121311112212212232131222211122212222221221222232212221112212212212212322
21122211112221121231121212221222222212233122221212312211222131122211122212121211221221211212322212222121111222122232333222231222112112222223111123211313211122111121111121322213321122111211221212321111
12212222222322112111223221213121322222222122122221112222121111322222221222122112121122112221213122123112223311122121211212212322111122322221221122221111112111112122112121111212112121122111311222222222
22123212111321222112211121132111212112131112111121221212121221222112112121121123211112223212112222121221212131233222112111222113212222111332212122132121211111122222212212113212221222131112231212211311
11112221221221112321322113133211121112221321211313113312122122222212121221212111211132222222231223122211212122312123122122233121222132221211221111221212212221121211311222122122222321111212122121112221
22312122231213112221121111223121112212222112112232221212331212111322112322113122211212322211211222131222121112232122122122212222212232112311321232323212221121222111332112111112122122122122212123232212
21121322222222112211112122211111222112232222112123222222221121221221221222122211112122221111211112111121122212223332223122221112221212112221221323222132312212322212322231211211212221221311212222221121
22121111221221122122122212111131121322123111222221122121212121111222112122122212112232221222112123222111231232121321122122222121121121221122112222212121222331222111221111113232221212111222312213122222
11213123222311232121221112221121222122111112211122122121112122121222112221222221221113322212122222311213111222322122222222221211212111221122111232222112131212322121222112112212231211232111121223232113
11211222312222211113111212221112112222221122112221322222212211233222112122212211221221221221121112312221121212212222112213121213221211211221222211213211112111111122222121321221222213122322222112122111
12112211222321122232122333221223222111112231211221112112121121113112221212122211121121222212221212112112112312222122222212233312122111222212312323122323221211322211212112312122212212212123131311221211
12122121221212112222131123111321112112113212222212211121221121222231213212311212312122122212211111231212121222222122222233211331222122122232321222221222312322222121213121121322132131223122223122212212
11221123222222223311222221311212221211211211212111221322213332232211231111213213312132222121211221221122221223222121221131211121221112122222133212122221132221122221123221131223322311231331112121212121
23111212222121122221112222112322222332211223312111311211122122212222122112321111211123122222231121211122121212311231212122112121212111231232121221112123231212112221123131111212221321221212121121221222
12221222211212122321312322112111322322122211212111223211121321232222122113312222222121212112311332321122211221111132331223223311211212121221212212232111232213112221223123211212121122312221221211131121
22121212221222112222131222131112131313311122231111221223212111211211112212222122212212111121112121121111122122112222211111121122222211211222222112212121212131111122222232222222212221123212112222332222
21221313111212231222121121122322221121121122212122133312222112112121213122323111232211222112222212121113223222212111212212222231212212211312212222331211221222221112321322222332311111132221113311122231
22121121211221112311322312222121122223122222112232222221122222212122112122211231212113212132312312221222112222231312121212321133131322113122132211222112212113111112222112122221221311221211221312122111
21133113112211211121212211211132213122221111322222212211113313112121111222222222231211121122212221112212232222213121221212212212231121132232132121121222122311122222232211222222222223222211122231122211
12111212121222132222211222222211121211222212112222222221222222212122221112133221212231112321122212111221211121111221211111211112322322131122312121311222112112221122112221122211211211122213222231121212
21232111122322211321212122221211222211332232233111211311222211121121231231222222212222213231111121112211111111212121321311231212311122221111222112121112211222312221121211112121211222231222212222122221
12212221313112122212211111322223121121211121231122221213222222233112221211222122212221211232311121222333221313321223222121221112122223121221233112323121111112233212312222222112212212111212222221121121
21232121132121112313222112112112212212212112111213222222212221222112232123111221323122121222112212121111233232112122211222212112121122123113121111222222212223311211212212222222221222123121111222112222
21111131112212323112212311131212321111322112222221213321232111111212223112122211333211312221213211321122211131322221223212123112311321112211122111222222211111322212121212212211221122222212121221212223
23121311223121212123222222212122121223123212222122111212212211122331121122232111331213122223212312121321112121111131121311222322132321221123121122121111211233112311222221122311222122133231222131312112
13113121222113121212222123221223222122211221121213112111211211221222122121212222211212212221132222122222313111121111111113211221221122222212121221322111222122111221221212231222212123322221122222221212
11312121122222212222122223211222112222222213112121222322221221112222211111122213222121112222111123211121212231122111221221111232122211112111321212322212212122222322122221231112121222222211112121222111
22212312222112122212132211123232122322212212221133222111121122113122131122221112211122223222212222221131111212231112211223122211312222113212111222212122222221111222112222321122122111112211121321212313
21222232222122222221222212212312121221111221111122122223212221211121212122221112111122222222121213212221222121212322122222213121211111113212131121321111122212212212223111122221322122221212112111231211
12112131123111122223131322221121233221312222212223212221122132123132111322213323221211111212223231232132221132221112212122212212221222211211311122213311222211211212232111112222211112312311112321112121
22311222213112132223122212111122121211212123121222122331322321132222122312123222112211222212122222111122212212211122211212221221222211122121211221122122222212113122112132121231112112232211223212221211
21121112122121222111122212222211232112111321223212222111212122122121211121122231122121213232111111222132122222323111112122212322221211212222211222221212231221112123121122212223212123122211111223121221
22113313121123112332223212212113222221122322121232223121121221212123222213221221221322223232211111132111221222122122211221111111122111212121212212211121122122212222211223212132111221112111122221121221
11213111111222221222112122121132311321212112323322211211221222211221223212131112122222111212311111122131111113223222123122233131111231111122221232212232222122122122121213221211113221222222212231211211
11221321221122112112222312212212222312122222111123323111111222221222211122211121212212122122221222221322111112111232222133212112231121221211112321123122112322122122211221122112212321121311121121223122
22121121222232321222212222231221212111123222232133221222211121332222311211232322111221212211311321212122321221132132212323113121112131112111311121221121221222122212111222122212222322212211112222212112
33222211232122213221211321122221211121221112121212222222111221221231112123321212222212211223112231111312131123212212212113121221121123222212112212112222222212122111312221221321211112222311112112111221
12222113121222132221113213222113132231223123111312221121221223122211213221222311111223122112223121122121231122131132221212212112123213111112111232122221312221122122122121213112322122212211312122211332
21221223121131221222221122111232223221332212122122112211322222113112222212112122132211121113211322222322111121112211121313221121111211212122131112322121212121123112211313212121122121321312221211232321
22232212311131222232222123213112311333221222111232221122122222223312321212211122232113221122112321212212132121222211221213222221312221122133212222122121312211122132111322122212111111121123112222122112
12221122321112122212111222112221221311112221121212221223332122112112233221221222222212111122313322222111321121221212222222312112111113212132222111221112111222311232211221222222311122121122223222123222
22312121222122212231222212211223232211122222211112121221111331211312111222221221112131322111222122122222222212211112121211111122212212112332213213122222222111112112113232121332212123222113111222122212
21211223222212222233221123231121121111221212222231121132222111222122121221211221322321212221221321121211111223311112212121312122322221112213131112221222213112211221313122222122111121112111112212111122
32221111221112111222222221211211121212212133112122211221322232212111211221212132121222112221112111122121222212211211212212321122222223111121222211111112222332122213122212131111112111221112131322112121
23223121231212111232211122221221222112212222211132222221122211212211221223121313221212322131213121212212212111121222231221122122221332321133232122111211121121232313212221221222233111212221121221213122
32322222133222221322222211313123121222211311222121323222112121211112111212121221221122211122222132111211323112121112321231233122323212122123121132212122221122222321221113122132332122112122222311122111
11121212222332322112211112132323111111222122111222122112311311232212121221122212211121331111221113122211122122221211111122121111121122212312222312112322311112122223221222222222222212211222132112112212
32111212232311212122223221212121212121122122112213112122111121222232122111231221112312321131213222121112121121222121112321122222213123222121212321122122222312112232121122221223212221222212123221321222
12222211122121321211221222221112121222113221112132222122223122212332111111221211212213212112311111222211212112122122132111121231232111222331211212221112222212322321112113212212221232212121111122232221
31221212122121322121231222122111222322311112113122221123211122123223111312321321122211212211222112111211321223111122112232211212222121131122121232222312222221112222322133121222212112322111222213111211
11211111222111222223222112222212312222121211122211212123133121113313113212221211122121221221221223112123231221212211122111121112221222112211112211112112112122123222213132121211222121122222131131112231
23221213222111211312223112222122122222222231112232222123111321311212222211111221122122221123122222221221223212212121223212112132212112232211212222132111122211111211211212231213321121131232321221122111
22133313111211222131311211111113213211112122122222122123211321122211221132321212122122231212222212121212222131111212223111211222221112132211212311311222122211232122111212111112321112122312223233111221
22121111121222331222321213211111113123211222221211111222222212111221121223221222121212112221211222332211123211222122221222122211121121233211112231122111222122121122211211222221222122212211322112122122
11222221121111221121212221112121222221222221222213121213322223123232212122131233232221112323222211122223133222132113222211221223231212221122111222222221212231112122123211222222322321212223231221111111
22111121122123221113212231221213122322111211122212111221111212122222222122121222231212222122222211112222211222112122233112232223222321223222121212132112322112222121112111112112213322223311232212112221
21221121312222321122112121111132212211111113211113112112212312232112112222312121211221211211213111233213112131112111323122121111321222111322211212211321212213312221222122221231231111132123212221111212
12121121233312121213231231212322121221112122311221113223322113221222121121121221212112232211123122213122112122211121111121211112122222212122231211232222111212222222231221221322231121112211212212111111
22111322332322221112211121222211211212221111211221222212322121111211111121222222122312232222231133221212321312222111122111132322232121112112222212221211112212111222211231212111211222211222222211123121
12223111121222211221212132223122121222121132221222121221211132212121222122112231112111223121112212211132212322222131132122222111221111221231312222221233112212111222111112111221213122222221222222111122
12122212221121121112231232211112121112212112221222221321112221211212222222222121121213122122222222113323123313223132212122222112122121211322121221211222112123212212323111131322222112322122121122322221
21122222121232111222131222122111221211221112122221212221211121231221312212211211221112121123322122131112211222311321222121221213222112211213111211221121111221122312312222121213112211222312111121233113
22322121112212112111121122231121122121211212212131212222123112312211212331212211222112112131111122111212312122111121132222222121321221132122232123212222221212121221122131213123111211321222111122212233
13122222121222322221112112211221122213123132233233321121322223122212122211221213221311121121222233221321122121121212212312211221321211122122221131121121211212221112211223221121121311111121111221322121
22112221212312212121221311211122122112231222211222131131322221232212221122122322222222313111212212111212221232123221231211222121121112212212122122322212221222211223211213221221222121322122221211222221
22321131222211213232111121121131122113112221222212111331221112232123112212312231321211233111231121212111121122222311222211122122312121111123121111213211122122221121122222113221112211112312222222122321
11211123321122221122132221132122312222331123131211133122222121221121111222222213131121222112131221211212121211223232311232221122332112221233222222112221223211221121221122213211222121211112121312231222
22131123121111222121332322222121222232113122321132222222222231213132122112222123121211122111122211123122112111221213212212321113122231222211212223213312221131233222132123231121221221133222122212221211
21113232133211211222212211221211121111121211232112132212212111222232121121221212111222211212322321111122222222211211122111213122212212121212112311111122223222211122221212122211222212211322212212121213
21122112122212122122121111232112113112122121222331212112121122121211231222221212122112222112123222222221221113232212221222212111321213211232211111112212312222222211121211222211122112221213132213221212
21322221313211233232212221221222213223111112222313323133122213122212212123221221211122112213111131131321221222211221212112212112111112112222112112211313211231232111222211211121122213332112313231122111
12221332212211232222222222112112211111122211122211223122311212213122122222221213321211212122211122331212122221111222112122321231112212213211333121212232222121121112211121212321122123111122121111122313
11122231131122121221221222113123112121221211111221212231231111122221222211111122332121222121222221211212221212122212131122223111211113123222211211212222312221222212221221212212112112223211221212112123
22121222112232221212212112212222122122233232122113213122221113322312221111122112132211122212121113122123213222121312222231222111122212212131113122122121131312211222111222212221211122111221222133112322
12122221121112211122122111122123222222311221132113223222212231212212221222322121111332111321222221211211111212322212222111233221213121221322111113222322122211131212112123312221221123111212231222122221
22211212222112211211223111211123212212111213221212223321212222112332221211313222332322222121312111222312213121121322122222131321222122111221112321112212222112232121222122131223232121132223222131213212
21112221112112211122211213222231213121111211122222213321211122221221112221223221122212111221221122233321321111221122111221331311221112212122121122123212223313221212222213222233211121112221112221123123
22222122121211223112122211322322232222212121212111111121122212221211211112223222222222222112211221111121222121222122121212121322121321112223211221212112112213121312122222113122222113211112221222222211
11112222221122222213112112311231211211311221112222212221212222111212121223222111132212121121211131111211112223222232222211312121112212111331212112212231122112322221122221122112232222322121221111123121
33122322212222222221322121212222112121121122322121212222121111221321132232222321212122112112221112232223322211231212112232231212221222221122112212232122322211312112232322113111121122211312112211221211
12211232122212113112322132321221223121211212223222221222221221211231111113233212222222212122222212112221322321112211211222132221211211221232122211212222112332212212131232121213212211111222231111312222
12113212132222211221311111123222321311231113232121321111212122212331222121212131212332112211322212112211131132211221212222131222222222211121321122222123212223211121222222112222212221221123222213211222
32132222231212131221222122322222211223122121222111112211213211221232312121223211122123223121211111131221221221211221121111312122211223211212213112322132321131113222111221222111112111112221213222212211
11112221232121231213221121223212112122322213221112222212212122333321212121112122233132221221112222222212221222232121111112222212222122112211121222112111112111112132212222121122222222121121211121121112
22221222112112222122212223112222232212222121121111212221121121322111121121212222111222211122112311222112221232323221321113222213232211211221221121222211131113221233223222122123211211222122112211111211
21132232222121121212223112211221111222322221221221122222212222132312312222222222322222322112111112112212122212212222221211122321123213322212312232213122221232211211212222223221122112222212121222122222
12211132122112322112212113221222222211122222211313231122221122111213312223111212222231222211322221111121221312122111212311122212223122222211222212122312122213232111111121212113221122122112211122123312
22122121122121221121211121111221121122212222222112222122312112221121222311211222121222111222223131212111222122122112211111212322222222312213122222212112112212213112212123213221213221223232213211221111
13222122321121122221111212223312221212122133122213111122122211222211212223322212212222212221212111223212211122223122122121111222121212222212122221211321212221132332121122211111121231213221222222213322
11121211221212122113213221232233222221221211121113211112222121111211122112133111212212112231211211212212322123232121121121121121321122211211311321221111332121211121122213112223133222222121122221222322
21213221222222221122211122221232122221232121122221222111131322212312222213221122112122212133133121221122122322222212222222221123131113311112122212122111322122322212222122112222221232122222212221211123
21211122112212231212112121222212121123222231222222121121222112311222133212223121111123121223132212123121121122221112222122213211222211111223322222212332222112222212113223123222222232231111221113211122
11222211122121232111111212111223113121311121221211322121213211122322111111211113122112222323111311111212212211121123122222312123121222112123212211213221221122121231213221221222323221111121321112322211
11121132122221221132323222112121222112221112121122212122212111221213212311212111222222212122122111112123122111233132211112222113212211212122222223211112313222212211213121122331211222112121121222312223
22221222122121212111313122122222121232222112223111211122122212122123222222122231222212221212222212212312122221111112212221221211222232212212121231212213212112222122212222222122222211311122111212112222
22231211221212312112122211123213121122222221221222222112311221233223121222111122122131122211121211122222322132121212222223211212122322321231222131222111122111211223223132222112111212111221213212222122
11322212222122321112211112121212211212221322212223122112111123122111222221133322212131121122122122312132111232222322122122111222212221222111221221313211222223112222112221111212312221222132221222122212
11112122221231132113113112222212232112122321212322212222211221312212221222123121222211111122123232121131321211131113132122312211222122211122213211221221221122223112211221213311112121212122321221212312
31221222211131322221221221122132121232222212111311211111112132232112222221223112111122211132223111222311211222311211123131111211222122111222322222122112323221112311213112311222222221211112222211122131
12121221121113121121122212111221112111211132231111223222212111212221111221221211131331121211232112221222222213222212122233122211112211212221111222131111222111112321221331211132221213122122222112122122
23221232222131213322212332112212222232112212121122211322312222123211222121112231211111312121122212123121222221222212112211222221212121223223211211131311312222211111222112111121231232221222221231311211
12322222221132322122312312113112322221222221121221221111221113322122121221212121121212212123221221121211113222112311212112121222221122111112212322123231121321212133212123122232122311212212221211121212
11112112322212111213221221322112211123132132311222223131131222221110112221312232122112122211222112233231232222221322222112122121112232312123112211222222213211111112221312322122111211121211111111121321
