100 100 20
2112211211111222112223212311221211311221221222112222211123221112222122123222123211223123121312222212
2323222112222232311212212223222221211212122211211122122321322121111222223222112313222223212212132122
1211131131123221222222211112222222211112112222111111212222222112212122122113212212333311221321211122
1222312221213321222212321121123223232112312113212213213222321221331113221122212222122112223122122122
1223222212112322211211231221222223111211132132122222221231221121112121211211222122223222221132222211
2222132231122221122112111122221131212122112222312123132211312222132232223221221213122211312113122222
1222221122212321223132221223111321111311323212222221111121222132211223122112212121112222122232212111
1212123223331221221212222221313212221223221212222212111222121222212212321232221211122121222121122121
1122222122322221111221321121212212321132221222112213211212122213121231121122112121211122122322232233
2122111322111332222122122112212311222222131121221211222213111121211211122311231111213211321222122231
2222221211311121311212113221221231222122212211332122212123121221212122213322112212112211212221321112
1222232222222121112131223111213221113212211223212232221121222123332213111122112122121232112222123221
3112221122222222111311111122123232111112111212112112123111212111113211312112212112321221212221221212
1121122213112222212122211222212121223112212222211232212122121111212112122222322131122323111222112222
3112131112112122322212211121121211222212112112121222121112211222232122212212223112213112222211131122
2212232122221222221222233322212211121231312222132222122132232122223122122221212221233311232123221121
2211212122112312311222222222121222112211222212212212122122122212112122121121211212222212221221211212
1111222113121122211311222231212232321123213311122221112111221212122211113111222122131122222212222131
1131111223121222322112213212211121122112122321212222212322322133222112221232211223221111211221331211
3111111223223212132211312121212212121122122211322112122311321222322212222212123322111112132122111212
1222211113112122211323221212222222113122212122221112221212322221222132231121122122212211211211222212
2212321222221321212111222222232112111212131113222111211213112122132223222112221212222122211121212131
2322131212112231212211312122213211232121111122233223112121122221112212222212222122111211122121312113
1222323312132121212331212332123121233212312213221112212222222212323221113222212212221111131212222222
1111121121231212121213132111332122121222222222121212221121121122233213121131221111212212222212122212
1232121111111212212222122111322222121122113212111221221112212211212112121222221111221222211112323222
1221212322322211222222122111213212222112321223222232222231111321222221212122111211222311212111111111
2222121112222322312321121122111122222122212212323111212112211131322212211223213112232121222222112221
2122122112222112231113221211222223112122321122122111212132222222123121212222223121222211223121212312
1111311122311221222223111121122221112111312211132221213233112111222113121221111211211221121222221313
3212221132122121213121311121121221222312221222113221212212222212212221132111111211333121112222122211
2222132311232122211111221222212111111111221222212232322212122222231122222122211112222322213212111112
2222332111221222222112222232121221211213122211211222212212132222212112121212212113311131131111132221
2112332123111232222221112221122121112111222321122232211213212121211123312132121122123223211212212211
1131122222222321221213231222312112211211222121122121111131112222222222121122221222222222121111211121
1111122321111331111322121221122121131222222211221121121121121221111122213221121213211221223221212122
2222221122121132111222121111112321111211122111131222221121322212222312212122212212112221212211113212
2122122112121212212121112121222221231212211221111212323121121221223312131111121122221231111221132223
2122111111221313311112122211232212211133123212221321131212211211211222222211321111122211211111112122
1221211222231312112322112122131221221222121221231321121322133122232212322113222111312211211322121222
1212211222132221212211122221121131121132121221123111122122312223132211213212221322211212222221112212
3211221122112222211122131222222121323221223312112322211123112112112212222222311211121112222321111123
1323121122222212221211121112222111212221113322221112231212121332232112322211211221112211121132122132
2221111212221223112222121232122112212212321213212312123231222221112212121321212122222223122212211121
2122212211221121121122221221132221121212123321222122211221322122221211111221122211322122112212122122
2121131222232222221132222222221111233222131211212121231221211131231212223121221222212121232211221132
2232232112112121322233111221211123112322211121222232111122121122122222231121221212211221121222131231
2221122122212321223222312221222222112122113112122222212233121231111331211221133131211111132222123212
1122112232121132231131122113312111223212223222322212122232221121123212213222112132223222211211222222
1111132112212122222111122132121222222311211212122331231211122223221212212222222121211231131211212312
1112312122211323112223212322212212212221113322122112211322211212212221112111233212321122111212111233
1221111223122211111322122121112222332322222222332222221212112112111321133222111121131221322221213122
2122122211122221231211232222222122121213112132211122231222132222121121123331111212222222111112322211
2222132212232222211112222223111221121211211221221221121221132222212222212111211221222121212212222211
3232312112312213112132222222132212222212122212222232312211123322222212122121212121121122112112122121
1111111223111321322123112112211212112211112111111211221232212122311122233211231322212311111221222322
3131122222222212322222212221112211111223121121111121111213222122322111211111222321212312211223313211
2231222121232212122213122221331212121222312111221122212222221121212221121112222222212222121121123221
1221222211222212111323222231122111111212111133112332122111212223222212231121121132121112221222323122
2231212311122312132222211121222231121112122322322111212231222121112221221321223112322212221211212121
2213221123221111212122222122213112121113221123313212321212221132233122221222221221322222232111232222
2312221312213122122212111221212211211222222111122113123212111132221211321333312212121121212321122222
2212311112121222222111313111222211112232212321111222222111222212212311212111122222112222111111113222
2212211111211222121212111132122232222223211212122122221221231121221112121111212222222122231121221121
2132132312223211131123222221112111112112223212123313112132221211112322222233223221221121312213231121
2222122111311121312311132231211122122221221213211132221111212112222212222221221212223312221221111321
1111221111112212122211212211223311223122232213221111222211131132112121223111232121132121211213212222
1221212213123132112222131211223221222312232221312132112222322222121113221231321112121222122212122111
3122121111212112211221322123122112211211211221323212212121112232122122222112112211212111111322123223
2332221212212122132122222113222222123112221222231213212212111221311313311112332222322112112212122131
1221212121122221112231132222112232221321121221233122212221122212221121223122122212111212211222112132
1121222111122113221122112112112223122132222231121112332122311221211222222232222212222232222212321321
2122222112112111222211112221231223211222212121112221111312122121232221111122222122111121122222223311
2213222112212223221212222122112122212222221112211211211132222121111231211212121221122312112123212113
2211131222221123121222112211112211211221121112221111112121332212232233211222123111321231111212212212
1122222111221222211212212211222122113121121112111221112222121311112111213112222121222222212113223221
3212211212321321321312121221113311213122112222232213211222221222121122121122122312212322212212221221
2122323122221212222122211211212223133223212112212222121121222222221322212111122111212121212211322221
2212233322222111213223211312312212222323122222122212212213222222212113132221122312322222121221212231
2111222211232222221122321123121121122112222121113311322111322222122121112132211222212121112332311221
1111211212112221111121321112121221113311122221211213311122212223221232212221113111222122111333212212
1112122122121111213212122223122322221213112122112223222321111112131222122122222221122322213321313221
1222221123222222123113113222112112221211121211121222212312212223222112211221222121212121121211122212
2231312323211122123223112212321222223122122323223122232211111122331222211112221312111121222223222222
1213122123211211122231132212123331112222312222112212121222211221222122222211222221211122112111222321
1222121111122322121321122221221211212122222221222121221212111121212322132221222121211112331311113322
2222311121221232322212222212313212222112222123312233111222112121211121221112221212113211122221212112
2122221222221132112111222221112121223221222232221221222221113122233122211213211111212112322132311222
1221222211112312212111222122211222112112222112122231311311111112211122122112221111322111221221211122
2112231222112223122223133222222112311222221321221112212322312311221322222123123211222221111222221221
2221332222322223232222231322321112132321233111112222112122122221223231323222121313222132211322311131
2222212111222221222112221212222223221213221222122112212221332121122111121111111222111322121222211122
1231221123221222222221221212211221121312121121211222121221122223121121221232112112121222122112211222
2212231222221132113322222212313223223111221121122221312121222111211322122212111211112222332221222122
1321111221222222222222122313212312211111122121122121222222322132123121112121121112312213323311121122
1212222123213211121321121222121112223212212122221221121132131311211112212312222122221122213111122112
1221212113112211131122111122221232112222222123312232211312221311221112112122122132211213212221231121
2112122112112211231121221221332111112212111121212112312221121132223322312222211222222221112211222221
2212222121121111111222222211111122113111212222131331222222112221213312111122111213221211213231222211
3221132121232131111122111122221132212212122211222220322122221111221231221111322313221111221222131321
